Year,Income share held by fourth 20%,Income share held by highest 20%,Income share held by second 20%,Income share held by third 20%
1981,23.2,37.2,13.5,17.4
1984,23.2,36.1,13.8,17.8
1987,23.4,37.5,13.2,17.6
1990,22.1,40.8,12.4,16.4
1993,22.1,42.2,12.0,15.9
1996,22.4,42.9,11.5,15.9
1999,22.3,45.6,10.5,15.1
2002,22.4,47.9,9.6,14.4
2005,22.3,47.1,10.0,14.7
2008,22.5,48.4,9.4,14.5
2010,22.3,49.0,9.2,14.3
2011,22.3,48.1,9.6,14.6
2012,22.4,47.8,9.7,14.7
2013,22.1,46.3,10.3,15.0
2014,22.3,45.8,10.5,15.2
2015,22.3,45.4,10.6,15.3
2016,22.2,45.3,10.7,15.3
2017,22.1,45.9,10.5,15.1
2018,22.2,45.4,10.7,15.3
2019,22.0,45.3,10.7,15.2
2020,21.7,44.7,11.0,15.3
2021,21.9,43.6,11.4,15.7
